# Due to the long development cycle of FAST-LIVO2, 
# we recalibrate the device parameters every three months, 
# so different sequences have different intrinsic and extrinsic parameters. 
# Details are as follows:

# Retail_Street, CBD_Building_01, Bright_Screen_Wall
Rcl: [0.00610193,-0.999863,-0.0154172,
     -0.00615449,0.0153796,-0.999863,
      0.999962,0.00619598,-0.0060598] 
Pcl: [0.0194384, 0.104689,-0.0251952]

cam_width: 1280
cam_height: 1024
scale: 0.5
cam_fx: 1293.56944
cam_fy: 1293.3155
cam_cx: 626.91359
cam_cy: 522.799224
cam_d0: -0.076160
cam_d1: 0.123001
cam_d2: -0.00113
cam_d3: 0.000251

# HKU_Landmark, HKU_Centennial_Garden, HKU_Main_Building, HKU_Cultural_Center_01, HKU_Cultural_Center_02, HKU_Lecture_Center_01, HKU_Lecture_Center_02
# CBD_Building_02, CBD_Building_03
Rcl: [-0.00200, -0.99975, -0.02211,
      -0.00366, 0.02212, -0.99975,
       0.99999, -0.00192, -0.00371]
Pcl: [0.00260, 0.05057, -0.00587]

cam_width: 1280
cam_height: 1024
scale: 0.5
cam_fx: 1176.2874292149932
cam_fy: 1176.21585445307
cam_cx: 592.1187382755453
cam_cy: 509.0864309628322
cam_d0: -0.13218037625958456
cam_d1: 0.15360732717073536
cam_d2: 0.00036918417348059815
cam_d3: -0.00031715324469463964

# HIT_Graffiti_Wall_01, HIT_Graffiti_Wall_02, HIT_Graffiti_Wall_03, HIT_Graffiti_Wall_04
# SYSU_01, SYSU_02
Rcl: [-0.0036250, -0.9998907, -0.0143360,
       0.0075568,  0.0143083, -0.9998690,
       0.9999649, -0.0037329,  0.0075041]
Pcl: [0.00549469, 0.0712101, 0.0322054]

cam_width: 1280
cam_height: 1024
scale: 0.5
cam_fx: 1311.89517127580
cam_fy: 1311.36488586115
cam_cx: 656.523841857393
cam_cy: 504.136322840350
cam_d0: -0.0780830982640722
cam_d1: 0.146382433670493
cam_d2: -0.00110111633050301
cam_d3: -0.00110752991013068

# Red_Sculpture
Rcl: [-0.00668,-0.99965,-0.02543,
      -0.01151,0.02550,-0.99961,
       0.99991,-0.00638,-0.01168]
Pcl: [-0.00077, 0.04809, -0.00133]

cam_model: Pinhole
cam_width: 1280
cam_height: 1024
scale: 0.5
cam_fx: 1294.7265716372897
cam_fy: 1294.8678078910468
cam_cx: 626.663267153558
cam_cy: 531.0334324363173
cam_d0: -0.07592763180373921
cam_d1: 0.12857252741674535
cam_d2: 0.0002726821691221157
cam_d3: 0.0002504335037343933
